%YAML:1.0
---
R: !!opencv-matrix
   rows: 3
   cols: 3
   dt: d
   data: [ 9.9996209745850140e-01, 1.7396856015602280e-03,
       -8.5309519048144180e-03, -1.7567228374375393e-03,
       9.9999647686273041e-01, -1.9900218589522273e-03,
       8.5274598367250081e-03, 2.0049329501023983e-03,
       9.9996163060019394e-01 ]
T: !!opencv-matrix
   rows: 3
   cols: 1
   dt: d
   data: [ -1.4822751621976218e+00, 2.7831493150722038e-02,
       -7.0874024370067723e-01 ]
R1: !!opencv-matrix
   rows: 3
   cols: 3
   dt: d
   data: [ 9.0571954165358093e-01, -1.4502916774628049e-02,
       4.2362929227315665e-01, 1.6511284726468473e-02,
       9.9986310596199035e-01, -1.0708934227532526e-03,
       -4.2355576887053364e-01, 7.9645929632103200e-03,
       9.0583501583645010e-01 ]
R2: !!opencv-matrix
   rows: 3
   cols: 3
   dt: d
   data: [ 9.0204602094772690e-01, -1.6936995433709901e-02,
       4.3130744751053346e-01, 1.8259242096069207e-02,
       9.9983270865738283e-01, 1.0746054708738115e-03,
       -4.3125349409651198e-01, 6.9060035128421030e-03,
       9.0220437315778435e-01 ]
P1: !!opencv-matrix
   rows: 3
   cols: 4
   dt: d
   data: [ 3.1045315331807428e+03, 0., -1.5270102539062500e+03, 0., 0.,
       3.1045315331807428e+03, 4.8227435302734375e+02, 0., 0., 0., 1.,
       0. ]
P2: !!opencv-matrix
   rows: 3
   cols: 4
   dt: d
   data: [ 3.1045315331807428e+03, 0., -1.5270102539062500e+03,
       -5.1014802737650880e+03, 0., 3.1045315331807428e+03,
       4.8227435302734375e+02, 0., 0., 0., 1., 0. ]
Q: !!opencv-matrix
   rows: 4
   cols: 4
   dt: d
   data: [ 1., 0., 0., 1.5270102539062500e+03, 0., 1., 0.,
       -4.8227435302734375e+02, 0., 0., 0., 3.1045315331807428e+03, 0.,
       0., 6.0855504021962625e-01, 0. ]
