%YAML:1.0
---
M1: !!opencv-matrix
   rows: 3
   cols: 3
   dt: d
   data: [ 4.6187828410790153e+03, 0., 5.9951097546139727e+02, 0.,
       4.3595255627704719e+03, 4.5848648438367019e+02, 0., 0., 1. ]
D1: !!opencv-matrix
   rows: 1
   cols: 14
   dt: d
   data: [ -1.8094361640570529e+00, 1.6705284715882065e+01, 0., 0., 0.,
       0., 0., 2.7543217588083877e+02, 0., 0., 0., 0., 0., 0. ]
M2: !!opencv-matrix
   rows: 3
   cols: 3
   dt: d
   data: [ 4.6187828410790153e+03, 0., 6.0485697463300073e+02, 0.,
       4.3595255627704719e+03, 4.6784923268126187e+02, 0., 0., 1. ]
D2: !!opencv-matrix
   rows: 1
   cols: 14
   dt: d
   data: [ -1.5716820853908893e+00, 3.0509248985612447e+00, 0., 0., 0.,
       0., 0., -7.0846310021303582e-01, 0., 0., 0., 0., 0., 0. ]
